Location,Year,Population,%Urban,%Basic,%Limited,%No_Facility
Afghanistan,2017,35530,25,38,34,28
Algeria,2017,41318,72,84,8,8
Angola,2017,29784,65,27,15,58
Armenia,2017,2930,63,94,1,5
Azerbaijan,2017,9828,55,83,11,5
Bangladesh,2017,164670,36,35,54,11
Belize,2017,375,46,90,9,1
Benin,2017,11176,47,11,16,73
Bolivia (Plurinational State of),2017,11052,69,25,15,59
Burkina Faso,2017,19193,29,12,42,46
Burundi,2017,10864,13,6,93,1
Cambodia,2017,16005,23,66,13,21
Cameroon,2017,24054,56,9,5,85
Chad,2017,14900,23,6,18,76
Colombia,2017,49066,80,65,4,30
Congo,2017,5261,66,48,34,18
Côte d'Ivoire,2017,24295,50,19,34,47
Cuba,2017,11485,77,85,10,5
Democratic Republic of the Congo,2017,81340,44,4,11,84
Dominican Republic,2017,10767,80,55,16,29
Ecuador,2017,16625,64,81,10,10
Egypt,2017,97553,43,90,10,1
El Salvador,2017,6378,71,91,7,3
Eswatini,2017,1367,24,24,31,44
Ethiopia,2017,104957,20,8,51,41
Gambia,2017,2101,61,8,15,77
Ghana,2017,28834,55,41,42,17
Guatemala,2017,16914,51,77,21,3
Guinea,2017,12717,36,17,31,52
Guinea-Bissau,2017,1861,43,6,5,89
Guyana,2017,778,27,77,11,12
Haiti,2017,10981,54,23,61,16
India,2017,1339180,34,60,38,3
Indonesia,2017,263991,55,64,6,29
Iraq,2017,38275,70,95,4,2
Kazakhstan,2017,18204,57,99,1,1
Kenya,2017,49700,27,25,35,40
Kyrgyzstan,2017,6045,36,89,9,2
Lao People's Democratic Republic,2017,6858,34,50,40,10
Lesotho,2017,2233,28,2,3,95
Liberia,2017,4732,51,1,1,97
Malawi,2017,18622,17,9,76,16
Maldives,2017,436,39,96,2,2
Mali,2017,18542,42,52,25,23
Marshall Islands,2017,53,77,83,15,2
Mauritania,2017,4420,53,43,37,20
Mexico,2017,129163,80,88,9,3
Mongolia,2017,3076,68,71,7,22
Myanmar,2017,53371,30,79,15,6
Namibia,2017,2534,49,45,43,12
Nepal,2017,29305,19,48,51,1
Nigeria,2017,190886,50,42,33,25
Pakistan,2017,197016,36,60,32,8
Paraguay,2017,6811,61,80,18,2
Peru,2017,32165,78,33,33,33
Philippines,2017,104918,47,78,12,10
Rwanda,2017,12208,17,5,10,86
Sao Tome and Principe,2017,204,72,41,14,45
Senegal,2017,15851,47,24,22,54
Sierra Leone,2017,7557,42,19,22,58
Solomon Islands,2017,611,23,36,36,28
Somalia,2017,14743,44,10,34,56
South Africa,2017,56717,66,44,44,12
Sudan,2017,40533,34,23,19,57
Syrian Arab Republic,2017,18270,54,71,21,9
Tajikistan,2017,8921,27,73,23,5
Thailand,2017,69038,49,84,8,8
Timor-Leste,2017,1296,30,28,65,7
Togo,2017,7798,41,10,12,78
Tunisia,2017,11532,69,79,5,16
Uganda,2017,42863,23,21,32,47
United Republic of Tanzania,2017,57310,33,48,35,17
Vanuatu,2017,276,25,25,43,32
Viet Nam,2017,95541,35,86,13,2
Yemen,2017,28250,36,50,26,25
Zambia,2017,17094,43,14,28,58
Zimbabwe,2017,16530,32,37,61,2