Location,Year,Population,%Urban,%Basic,%Limited,%Unimproved,%Open_Defecation
Afghanistan,2017,35530,25,43,10,34,13
Albania,2017,2930,59,98,2,1,1
Algeria,2017,41318,72,88,8,3,1
American Samoa,2017,56,87,54,45,1,1
Andorra,2017,77,88,99,1,1,1
Angola,2017,29784,65,50,20,10,20
Anguilla,2017,15,100,97,2,1,1
Antigua and Barbuda,2017,102,25,88,4,8,1
Argentina,2017,44271,92,0,0,0,0
Armenia,2017,2930,63,94,1,6,1
Aruba,2017,105,43,0,0,0,0
Australia,2017,24451,86,99,1,1,1
Austria,2017,8735,58,99,1,1,1
Azerbaijan,2017,9828,55,93,3,5,1
Bahamas,2017,395,83,95,3,2,1
Bahrain,2017,1493,89,99,1,1,1
Bangladesh,2017,164670,36,48,23,29,1
Barbados,2017,286,31,97,2,1,1
Belarus,2017,9468,78,98,2,1,1
Belgium,2017,11429,98,99,1,1,1
Belize,2017,375,46,88,9,2,1
Benin,2017,11176,47,16,20,10,54
Bermuda,2017,61,100,99,1,1,1
Bhutan,2017,808,40,69,9,22,1
Bolivia (Plurinational State of),2017,11052,69,61,17,9,13
Bosnia and Herzegovina,2017,3507,48,95,1,4,1
Botswana,2017,2292,69,77,6,6,11
Brazil,2017,209288,86,88,1,10,1
British Virgin Islands,2017,31,47,0,0,0,0
Brunei Darussalam,2017,429,77,0,0,0,0
Bulgaria,2017,7085,75,86,14,1,1
Burkina Faso,2017,19193,29,19,27,6,47
Burundi,2017,10864,13,46,12,40,3
Cabo Verde,2017,546,65,74,6,1,20
Cambodia,2017,16005,23,59,6,3,32
Cameroon,2017,24054,56,39,19,35,7
Canada,2017,36624,81,99,1,1,1
Caribbean Netherlands,2017,25,75,0,0,0,0
Cayman Islands,2017,62,100,0,0,0,0
Central African Republic,2017,4659,41,0,0,0,0
Chad,2017,14900,23,8,7,18,67
Channel Islands,2017,165,31,99,1,2,1
Chile,2017,18055,87,99,1,1,1
China,2017,1409517,58,85,6,9,1
"China, Hong Kong Special Administrative Region",2017,7365,100,96,1,4,1
"China, Macao Special Administrative Region",2017,623,100,0,0,0,0
Colombia,2017,49066,80,90,5,2,3
Comoros,2017,814,29,36,13,50,1
Congo,2017,5261,66,20,34,37,9
Cook Islands,2017,17,75,98,1,2,0
Costa Rica,2017,4906,79,98,1,1,1
Côte d'Ivoire,2017,24295,50,32,22,20,26
Croatia,2017,4189,57,97,2,1,0
Cuba,2017,11485,77,93,3,4,1
Curaçao,2017,161,89,99,1,1,1
Cyprus,2017,1180,67,99,1,1,1
Czech Republic,2017,10618,74,99,1,1,1
Democratic People's Republic of Korea,2017,25491,62,83,1,16,1
Democratic Republic of the Congo,2017,81340,44,20,20,47,12
Denmark,2017,5734,88,99,1,1,1
Djibouti,2017,957,78,64,6,13,17
Dominica,2017,74,70,0,0,0,0
Dominican Republic,2017,10767,80,84,11,2,3
Ecuador,2017,16625,64,88,9,1,2
Egypt,2017,97553,43,94,4,1,1
El Salvador,2017,6378,71,87,11,1,1
Equatorial Guinea,2017,1268,72,66,10,21,3
Eritrea,2017,5069,39,0,0,0,0
Estonia,2017,1310,69,99,1,1,1
Eswatini,2017,1367,24,58,27,8,7
Ethiopia,2017,104957,20,7,7,63,22
Falkland Islands (Malvinas),2017,3,77,99,1,1,1
Faroe Islands,2017,49,42,0,0,0,0
Fiji,2017,906,56,95,5,1,1
Finland,2017,5523,85,99,1,1,1
France,2017,64980,80,99,1,1,1
French Guiana,2017,283,85,92,1,8,1
French Polynesia,2017,283,62,97,1,3,0
Gabon,2017,2025,89,47,27,22,3
Gambia,2017,2101,61,39,27,33,1
Georgia,2017,3912,58,90,1,9,1
Germany,2017,82114,77,99,1,1,1
Ghana,2017,28834,55,18,50,13,18
Gibraltar,2017,35,100,99,1,1,1
Greece,2017,11160,79,99,1,1,1
Greenland,2017,56,87,99,1,1,1
Grenada,2017,108,36,91,2,3,4
Guadeloupe,2017,450,98,99,1,1,1
Guam,2017,164,95,0,0,0,0
Guatemala,2017,16914,51,65,12,19,5
Guinea,2017,12717,36,23,30,33,14
Guinea0Bissau,2017,1861,43,21,16,47,17
Guyana,2017,778,27,86,10,3,1
Haiti,2017,10981,54,35,27,18,20
Holy See,2017,1,100,0,0,0,0
Honduras,2017,9265,56,81,9,4,6
Hungary,2017,9722,71,98,2,1,1
Iceland,2017,335,94,99,1,1,1
India,2017,1339180,34,60,13,2,26
Indonesia,2017,263991,55,73,12,5,10
Iran (Islamic Republic of),2017,81163,74,88,10,2,0
Iraq,2017,38275,70,94,1,5,1
Ireland,2017,4762,63,91,7,2,1
Isle of Man,2017,84,52,0,0,0,0
Israel,2017,8322,92,99,1,1,1
Italy,2017,59360,70,99,1,1,1
Jamaica,2017,2890,55,87,12,1,1
Japan,2017,127484,92,99,1,1,1
Jordan,2017,9702,91,97,1,1,1
Kazakhstan,2017,18204,57,98,2,1,1
Kenya,2017,49700,27,29,22,38,10
Kiribati,2017,116,53,48,13,10,28
Kuwait,2017,4137,100,99,1,1,1
Kyrgyzstan,2017,6045,36,97,3,1,1
Lao People's Democratic Republic,2017,6858,34,74,3,2,21
Latvia,2017,1950,68,92,2,6,1
Lebanon,2017,6082,88,98,1,1,1
Lesotho,2017,2233,28,43,20,10,27
Liberia,2017,4732,51,17,27,16,40
Libya,2017,6375,80,99,1,1,1
Liechtenstein,2017,38,14,99,1,1,1
Lithuania,2017,2890,68,93,2,5,1
Luxembourg,2017,583,91,98,2,1,1
Madagascar,2017,25571,37,11,16,29,45
Malawi,2017,18622,17,26,13,55,6
Malaysia,2017,31624,75,99,1,1,0
Maldives,2017,436,39,99,1,1,1
Mali,2017,18542,42,39,15,39,7
Malta,2017,431,95,99,1,1,1
Marshall Islands,2017,53,77,83,6,1,10
Martinique,2017,385,89,99,1,1,1
Mauritania,2017,4420,53,48,8,12,32
Mauritius,2017,1265,41,96,4,1,1
Mayotte,2017,253,46,0,0,0,0
Mexico,2017,129163,80,91,7,1,1
Micronesia (Federated States of),2017,106,23,88,1,12,0
Monaco,2017,39,100,99,1,1,1
Mongolia,2017,3076,68,58,28,3,10
Montenegro,2017,629,66,98,1,2,1
Montserrat,2017,5,9,0,0,0,0
Morocco,2017,35740,62,89,4,1,7
Mozambique,2017,29669,35,29,5,39,27
Myanmar,2017,53371,30,64,9,17,9
Namibia,2017,2534,49,35,12,4,49
Nauru,2017,11,100,66,31,1,3
Nepal,2017,29305,19,62,14,3,21
Netherlands,2017,17036,91,98,2,1,1
New Caledonia,2017,276,70,99,1,1,1
New Zealand,2017,4706,86,99,1,1,1
Nicaragua,2017,6218,58,74,6,13,7
Niger,2017,21477,16,14,10,9,68
Nigeria,2017,190886,50,39,21,21,20
Niue,2017,2,44,97,1,3,1
North Macedonia,2017,2083,58,99,1,1,1
Northern Mariana Islands,2017,55,92,79,19,2,1
Norway,2017,5305,82,98,2,1,1
Oman,2017,4636,84,99,1,1,1
Palau,2017,197016,36,60,10,20,10
Panama,2017,22,79,99,1,1,1
Papua New Guinea,2017,4099,67,83,6,6,4
Paraguay,2017,8251,13,13,2,70,14
Peru,2017,6811,61,90,3,6,1
Philippines,2017,32165,78,74,11,8,7
Poland,2017,104918,47,77,15,3,5
Portugal,2017,38171,60,99,1,1,1
Puerto Rico,2017,10330,65,99,1,1,1
Qatar,2017,3663,94,97,1,3,1
Republic of Korea,2017,2639,99,99,1,1,1
Republic of Moldova,2017,50982,82,99,1,1,1
Réunion,2017,4051,43,76,11,13,1
Romania,2017,877,100,99,1,1,1
Russian Federation,2017,19679,54,84,1,15,1
Rwanda,2017,143990,74,90,1,10,1
Saint Helena,2017,12208,17,67,14,17,2
Saint Kitts and Nevis,2017,4,40,99,1,1,1
Saint Lucia,2017,55,31,0,0,0,0
Saint Pierre and Miquelon,2017,179,19,88,11,1,1
Saint Vincent and the Grenadines,2017,6,90,0,0,0,0
Samoa,2017,110,52,87,3,6,3
San Marino,2017,196,18,98,1,2,1
Sao Tome and Principe,2017,33,97,99,1,1,1
Saudi Arabia,2017,204,72,43,6,4,47
Senegal,2017,32938,84,99,1,1,1
Serbia,2017,15851,47,51,17,18,14
Seychelles,2017,8791,56,98,1,2,1
Sierra Leone,2017,95,56,99,1,1,1
Singapore,2017,7557,42,16,34,33,18
Sint Maarten (Dutch part),2017,5709,100,99,1,1,1
Slovakia,2017,40,100,99,1,1,1
Slovenia,2017,5448,54,98,2,1,1
Solomon Islands,2017,2080,54,99,1,1,1
Somalia,2017,611,23,34,6,7,54
South Africa,2017,14743,44,38,15,19,28
South Sudan,2017,56717,66,76,15,8,1
Spain,2017,12576,19,11,8,18,63
Sri Lanka,2017,46354,80,99,1,1,1
Sudan,2017,20877,18,96,3,1,1
Suriname,2017,40533,34,37,8,31,24
Sweden,2017,563,66,84,11,2,3
Switzerland,2017,9911,87,99,1,1,1
Syrian Arab Republic,2017,8476,74,99,1,1,1
Tajikistan,2017,18270,54,91,8,1,0
Thailand,2017,8921,27,97,2,1,1
Timor0Leste,2017,69038,49,99,1,1,1
Togo,2017,1296,30,54,9,18,20
Tokelau,2017,7798,41,16,26,10,48
Tonga,2017,1,0,97,3,1,1
Trinidad and Tobago,2017,108,23,93,1,6,1
Tunisia,2017,1369,53,93,6,1,1
Turkey,2017,11532,69,91,5,4,1
Turkmenistan,2017,80745,75,97,1,2,1
Turks and Caicos Islands,2017,5758,51,99,1,1,1
Tuvalu,2017,35,93,88,1,10,2
Uganda,2017,11,62,84,7,1,7
Ukraine,2017,42863,23,18,18,58,6
United Arab Emirates,2017,44223,69,96,2,2,1
United Kingdom,2017,9400,86,99,1,1,1
United Republic of Tanzania,2017,66182,83,99,1,1,1
United States Virgin Islands,2017,57310,33,30,17,41,12
United States of America,2017,105,96,99,1,1,1
Uruguay,2017,324459,82,99,1,1,1
Uzbekistan,2017,3457,95,97,2,1,1
Vanuatu,2017,31911,51,99,1,1,1
Venezuela (Bolivarian Republic of),2017,276,25,34,35,31,1
Viet Nam,2017,31977,88,94,1,3,3
Wallis and Futuna Islands,2017,95541,35,84,4,10,3
West Bank and Gaza Strip,2017,12,0,99,1,1,1
Western Sahara,2017,4921,76,97,3,1,1
Yemen,2017,553,87,0,0,0,0
Zambia,2017,28250,36,59,5,16,20
Zimbabwe,2017,17094,43,26,18,37,19

